-29.40879 -29.206284 -3.189133
-16.596187 -40.685232 -125.964636
-29.060252 -29.353129 -132.532762
-40.723034 -16.811796 -121.962276
11.480635 -15.997391 -30.468159
-3.926565 -6.446956 -126.568211
-16.380337 8.843911 -54.675622
-6.836211 -3.537093 25.758992
-32.846556 -31.913558 -57.845112
-42.048187 -19.961182 -135.431775
-30.707751 -30.669594 -6.462623
-19.377313 -42.719457 -119.674455
-43.095343 -43.029265 -46.73891
-50.21463 -34.391151 -132.268543
-42.793119 -42.68437 -33.591421
-34.910142 -50.053859 -51.717898
-43.339517 -51.776751 -137.035502
-47.476742 -47.925276 -137.520724
-51.734635 -43.507565 -53.350715
-48.62517 -48.861592 -36.769731
-35.367534 -38.800598 -27.780019
-33.416456 -39.338038 -47.877087
-38.759519 -35.066748 -54.170801
-40.008715 -33.893962 -29.085654
-22.092174 -32.184324 -136.215219
-28.073821 -27.413563 -135.541429
-30.716355 -21.993353 -40.129761
-27.155409 -28.166232 -14.4895
-10.207697 -8.120257 19.717373
2.660375 -19.694571 -28.789006
-12.961382 -12.093225 -29.346909
-19.506984 2.545481 -4.50483
37.062961 -6.945685 -91.29161
3.766472 0.060042 -116.452457
-7.865225 22.019295 -38.364819
0.810901 10.265843 62.387148
56.629091 14.294199 -91.904945
26.029525 19.452278 -14.522992
6.083538 35.779807 -12.246555
16.408148 22.069829 101.811676
106.33065 61.37725 -27.442073
84.199659 82.922124 6.452507
61.760401 107.060965 -37.936883
86.374329 87.419363 131.034605
116.739714 104.308397 -39.478653
76.905798 140.638274 42.838798
110.054272 112.739317 178.817692
153.069698 85.230109 -39.579571
42.383736 11.094815 17.23332
3.145991 53.850762 -53.399949
26.133775 100.321549 248.699758
163.047732 3.636696 -52.705503
316.537033 86.112079 73.728182
170.413404 143.012476 23.358261
80.982395 338.400432 265.025573
181.332487 165.420926 379.500644
-49.865162 -48.364555 -39.734071
-47.263413 -53.448676 -45.189274
-50.752571 -53.586283 -123.408054
-55.031127 -47.91708 -136.061747
-25.597768 -23.860796 -16.204379
-19.662739 -30.456664 -32.65085
-24.025131 -24.732722 -135.180455
-29.510714 -21.824853 -137.350485
-6.718887 -9.120507 25.64527
-0.184701 -9.521642 -9.14637
-8.770682 -7.921135 -93.450986
-13.017573 7.506549 -133.633192
31.902611 2.880274 -92.549021
16.416136 16.479476 -33.791347
2.823387 32.668212 -114.626192
16.394959 16.193827 58.541983
52.041241 14.897829 -107.312737
32.193564 33.734449 -12.376437
13.164601 56.200904 -106.747911
42.781293 38.983469 79.984602
71.287295 18.823775 -77.766155
44.480211 37.028712 0.021923
18.796941 75.063056 -65.242931
52.958756 53.87727 138.113302
96.103242 49.279387 4.305254
65.337854 74.98811 -6.795529
50.056163 112.601366 -22.706811
78.359829 67.346952 190.327245
184.306391 194.286467 245.414467
233.724224 150.478995 66.90259
181.846328 195.456191 48.75217
161.865807 226.683169 7.536497
220.811813 248.25654 294.425758
304.216709 182.54393 87.74437
240.483044 204.03495 131.182885
170.837103 282.5563 108.137971
416.000178 256.970524 244.776078
335.527154 259.642769 52.215152
233.488415 391.619902 119.271867
280.153057 348.100676 406.286129
